17 10 18 09                                                                     
  121
   27.00    112.00     10.
   27.50    112.00     10.
   28.00    112.00     10.
   28.50    112.00     10.
   29.00    112.00     10.
   29.50    112.00     10.
   30.00    112.00     10.
   30.50    112.00     10.
   31.00    112.00     10.
   31.50    112.00     10.
   32.00    112.00     10.
   27.00    112.50     10.
   27.50    112.50     10.
   28.00    112.50     10.
   28.50    112.50     10.
   29.00    112.50     10.
   29.50    112.50     10.
   30.00    112.50     10.
   30.50    112.50     10.
   31.00    112.50     10.
   31.50    112.50     10.
   32.00    112.50     10.
   27.00    113.00     10.
   27.50    113.00     10.
   28.00    113.00     10.
   28.50    113.00     10.
   29.00    113.00     10.
   29.50    113.00     10.
   30.00    113.00     10.
   30.50    113.00     10.
   31.00    113.00     10.
   31.50    113.00     10.
   32.00    113.00     10.
   27.00    113.50     10.
   27.50    113.50     10.
   28.00    113.50     10.
   28.50    113.50     10.
   29.00    113.50     10.
   29.50    113.50     10.
   30.00    113.50     10.
   30.50    113.50     10.
   31.00    113.50     10.
   31.50    113.50     10.
   32.00    113.50     10.
   27.00    114.00     10.
   27.50    114.00     10.
   28.00    114.00     10.
   28.50    114.00     10.
   29.00    114.00     10.
   29.50    114.00     10.
   30.00    114.00     10.
   30.50    114.00     10.
   31.00    114.00     10.
   31.50    114.00     10.
   32.00    114.00     10.
   27.00    114.50     10.
   27.50    114.50     10.
   28.00    114.50     10.
   28.50    114.50     10.
   29.00    114.50     10.
   29.50    114.50     10.
   30.00    114.50     10.
   30.50    114.50     10.
   31.00    114.50     10.
   31.50    114.50     10.
   32.00    114.50     10.
   27.00    115.00     10.
   27.50    115.00     10.
   28.00    115.00     10.
   28.50    115.00     10.
   29.00    115.00     10.
   29.50    115.00     10.
   30.00    115.00     10.
   30.50    115.00     10.
   31.00    115.00     10.
   31.50    115.00     10.
   32.00    115.00     10.
   27.00    115.50     10.
   27.50    115.50     10.
   28.00    115.50     10.
   28.50    115.50     10.
   29.00    115.50     10.
   29.50    115.50     10.
   30.00    115.50     10.
   30.50    115.50     10.
   31.00    115.50     10.
   31.50    115.50     10.
   32.00    115.50     10.
   27.00    116.00     10.
   27.50    116.00     10.
   28.00    116.00     10.
   28.50    116.00     10.
   29.00    116.00     10.
   29.50    116.00     10.
   30.00    116.00     10.
   30.50    116.00     10.
   31.00    116.00     10.
   31.50    116.00     10.
   32.00    116.00     10.
   27.00    116.50     10.
   27.50    116.50     10.
   28.00    116.50     10.
   28.50    116.50     10.
   29.00    116.50     10.
   29.50    116.50     10.
   30.00    116.50     10.
   30.50    116.50     10.
   31.00    116.50     10.
   31.50    116.50     10.
   32.00    116.50     10.
   27.00    117.00     10.
   27.50    117.00     10.
   28.00    117.00     10.
   28.50    117.00     10.
   29.00    117.00     10.
   29.50    117.00     10.
   30.00    117.00     10.
   30.50    117.00     10.
   31.00    117.00     10.
   31.50    117.00     10.
   32.00    117.00     10.
240                                                                             
0                                                                               
10000.0                                                                         
1                                                                               
C:/HYSPLIT/working/met_files/                                                   
RP201710.gbl                                                                    
1                                                                               
TEST                                                                            
100000.0                                                                        
1.0                                                                             
00 00 00 00 00                                                                  
1                                                                               
0.0 0.0                                                                         
0.05 0.05                                                                       
30.0 30.0                                                                       
./                                                                              
cdumps/china/cdump_17101809                                                     
1                                                                               
1200                                                                            
00 00 00 01 00                                                                  
00 00 00 00 00                                                                  
00 80 00                                                                        
1                                                                               
0.0 0.0 0.0                                                                     
0.0 0.0 0.0 0.0 0.0                                                             
0.0 0.0 0.0                                                                     
0.0                                                                             
0.0                                                                             
