17 10 20 09                                                                     
  441
   27.00     73.50      8.
   27.25     73.50      8.
   27.50     73.50      8.
   27.75     73.50      8.
   28.00     73.50      8.
   28.25     73.50      8.
   28.50     73.50      8.
   28.75     73.50      8.
   29.00     73.50      8.
   29.25     73.50      8.
   29.50     73.50      8.
   29.75     73.50      8.
   30.00     73.50      8.
   30.25     73.50      8.
   30.50     73.50      8.
   30.75     73.50      8.
   31.00     73.50      8.
   31.25     73.50      8.
   31.50     73.50      8.
   31.75     73.50      8.
   32.00     73.50      8.
   27.00     73.75      8.
   27.25     73.75      8.
   27.50     73.75      8.
   27.75     73.75      8.
   28.00     73.75      8.
   28.25     73.75      8.
   28.50     73.75      8.
   28.75     73.75      8.
   29.00     73.75      8.
   29.25     73.75      8.
   29.50     73.75      8.
   29.75     73.75      8.
   30.00     73.75      8.
   30.25     73.75      8.
   30.50     73.75      8.
   30.75     73.75      8.
   31.00     73.75      8.
   31.25     73.75      8.
   31.50     73.75      8.
   31.75     73.75      8.
   32.00     73.75      8.
   27.00     74.00      8.
   27.25     74.00      8.
   27.50     74.00      8.
   27.75     74.00      8.
   28.00     74.00      8.
   28.25     74.00      8.
   28.50     74.00      8.
   28.75     74.00      8.
   29.00     74.00      8.
   29.25     74.00      8.
   29.50     74.00      8.
   29.75     74.00      8.
   30.00     74.00      8.
   30.25     74.00      8.
   30.50     74.00      8.
   30.75     74.00      8.
   31.00     74.00      8.
   31.25     74.00      8.
   31.50     74.00      8.
   31.75     74.00      8.
   32.00     74.00      8.
   27.00     74.25      8.
   27.25     74.25      8.
   27.50     74.25      8.
   27.75     74.25      8.
   28.00     74.25      8.
   28.25     74.25      8.
   28.50     74.25      8.
   28.75     74.25      8.
   29.00     74.25      8.
   29.25     74.25      8.
   29.50     74.25      8.
   29.75     74.25      8.
   30.00     74.25      8.
   30.25     74.25      8.
   30.50     74.25      8.
   30.75     74.25      8.
   31.00     74.25      8.
   31.25     74.25      8.
   31.50     74.25      8.
   31.75     74.25      8.
   32.00     74.25      8.
   27.00     74.50      8.
   27.25     74.50      8.
   27.50     74.50      8.
   27.75     74.50      8.
   28.00     74.50      8.
   28.25     74.50      8.
   28.50     74.50      8.
   28.75     74.50      8.
   29.00     74.50      8.
   29.25     74.50      8.
   29.50     74.50      8.
   29.75     74.50      8.
   30.00     74.50      8.
   30.25     74.50      8.
   30.50     74.50      8.
   30.75     74.50      8.
   31.00     74.50      8.
   31.25     74.50      8.
   31.50     74.50      8.
   31.75     74.50      8.
   32.00     74.50      8.
   27.00     74.75      8.
   27.25     74.75      8.
   27.50     74.75      8.
   27.75     74.75      8.
   28.00     74.75      8.
   28.25     74.75      8.
   28.50     74.75      8.
   28.75     74.75      8.
   29.00     74.75      8.
   29.25     74.75      8.
   29.50     74.75      8.
   29.75     74.75      8.
   30.00     74.75      8.
   30.25     74.75      8.
   30.50     74.75      8.
   30.75     74.75      8.
   31.00     74.75      8.
   31.25     74.75      8.
   31.50     74.75      8.
   31.75     74.75      8.
   32.00     74.75      8.
   27.00     75.00      8.
   27.25     75.00      8.
   27.50     75.00      8.
   27.75     75.00      8.
   28.00     75.00      8.
   28.25     75.00      8.
   28.50     75.00      8.
   28.75     75.00      8.
   29.00     75.00      8.
   29.25     75.00      8.
   29.50     75.00      8.
   29.75     75.00      8.
   30.00     75.00      8.
   30.25     75.00      8.
   30.50     75.00      8.
   30.75     75.00      8.
   31.00     75.00      8.
   31.25     75.00      8.
   31.50     75.00      8.
   31.75     75.00      8.
   32.00     75.00      8.
   27.00     75.25      8.
   27.25     75.25      8.
   27.50     75.25      8.
   27.75     75.25      8.
   28.00     75.25      8.
   28.25     75.25      8.
   28.50     75.25      8.
   28.75     75.25      8.
   29.00     75.25      8.
   29.25     75.25      8.
   29.50     75.25      8.
   29.75     75.25      8.
   30.00     75.25      8.
   30.25     75.25      8.
   30.50     75.25      8.
   30.75     75.25      8.
   31.00     75.25      8.
   31.25     75.25      8.
   31.50     75.25      8.
   31.75     75.25      8.
   32.00     75.25      8.
   27.00     75.50      8.
   27.25     75.50      8.
   27.50     75.50      8.
   27.75     75.50      8.
   28.00     75.50      8.
   28.25     75.50      8.
   28.50     75.50      8.
   28.75     75.50      8.
   29.00     75.50      8.
   29.25     75.50      8.
   29.50     75.50      8.
   29.75     75.50      8.
   30.00     75.50      8.
   30.25     75.50      8.
   30.50     75.50      8.
   30.75     75.50      8.
   31.00     75.50      8.
   31.25     75.50      8.
   31.50     75.50      8.
   31.75     75.50      8.
   32.00     75.50      8.
   27.00     75.75      8.
   27.25     75.75      8.
   27.50     75.75      8.
   27.75     75.75      8.
   28.00     75.75      8.
   28.25     75.75      8.
   28.50     75.75      8.
   28.75     75.75      8.
   29.00     75.75      8.
   29.25     75.75      8.
   29.50     75.75      8.
   29.75     75.75      8.
   30.00     75.75      8.
   30.25     75.75      8.
   30.50     75.75      8.
   30.75     75.75      8.
   31.00     75.75      8.
   31.25     75.75      8.
   31.50     75.75      8.
   31.75     75.75      8.
   32.00     75.75      8.
   27.00     76.00      8.
   27.25     76.00      8.
   27.50     76.00      8.
   27.75     76.00      8.
   28.00     76.00      8.
   28.25     76.00      8.
   28.50     76.00      8.
   28.75     76.00      8.
   29.00     76.00      8.
   29.25     76.00      8.
   29.50     76.00      8.
   29.75     76.00      8.
   30.00     76.00      8.
   30.25     76.00      8.
   30.50     76.00      8.
   30.75     76.00      8.
   31.00     76.00      8.
   31.25     76.00      8.
   31.50     76.00      8.
   31.75     76.00      8.
   32.00     76.00      8.
   27.00     76.25      8.
   27.25     76.25      8.
   27.50     76.25      8.
   27.75     76.25      8.
   28.00     76.25      8.
   28.25     76.25      8.
   28.50     76.25      8.
   28.75     76.25      8.
   29.00     76.25      8.
   29.25     76.25      8.
   29.50     76.25      8.
   29.75     76.25      8.
   30.00     76.25      8.
   30.25     76.25      8.
   30.50     76.25      8.
   30.75     76.25      8.
   31.00     76.25      8.
   31.25     76.25      8.
   31.50     76.25      8.
   31.75     76.25      8.
   32.00     76.25      8.
   27.00     76.50      8.
   27.25     76.50      8.
   27.50     76.50      8.
   27.75     76.50      8.
   28.00     76.50      8.
   28.25     76.50      8.
   28.50     76.50      8.
   28.75     76.50      8.
   29.00     76.50      8.
   29.25     76.50      8.
   29.50     76.50      8.
   29.75     76.50      8.
   30.00     76.50      8.
   30.25     76.50      8.
   30.50     76.50      8.
   30.75     76.50      8.
   31.00     76.50      8.
   31.25     76.50      8.
   31.50     76.50      8.
   31.75     76.50      8.
   32.00     76.50      8.
   27.00     76.75      8.
   27.25     76.75      8.
   27.50     76.75      8.
   27.75     76.75      8.
   28.00     76.75      8.
   28.25     76.75      8.
   28.50     76.75      8.
   28.75     76.75      8.
   29.00     76.75      8.
   29.25     76.75      8.
   29.50     76.75      8.
   29.75     76.75      8.
   30.00     76.75      8.
   30.25     76.75      8.
   30.50     76.75      8.
   30.75     76.75      8.
   31.00     76.75      8.
   31.25     76.75      8.
   31.50     76.75      8.
   31.75     76.75      8.
   32.00     76.75      8.
   27.00     77.00      8.
   27.25     77.00      8.
   27.50     77.00      8.
   27.75     77.00      8.
   28.00     77.00      8.
   28.25     77.00      8.
   28.50     77.00      8.
   28.75     77.00      8.
   29.00     77.00      8.
   29.25     77.00      8.
   29.50     77.00      8.
   29.75     77.00      8.
   30.00     77.00      8.
   30.25     77.00      8.
   30.50     77.00      8.
   30.75     77.00      8.
   31.00     77.00      8.
   31.25     77.00      8.
   31.50     77.00      8.
   31.75     77.00      8.
   32.00     77.00      8.
   27.00     77.25      8.
   27.25     77.25      8.
   27.50     77.25      8.
   27.75     77.25      8.
   28.00     77.25      8.
   28.25     77.25      8.
   28.50     77.25      8.
   28.75     77.25      8.
   29.00     77.25      8.
   29.25     77.25      8.
   29.50     77.25      8.
   29.75     77.25      8.
   30.00     77.25      8.
   30.25     77.25      8.
   30.50     77.25      8.
   30.75     77.25      8.
   31.00     77.25      8.
   31.25     77.25      8.
   31.50     77.25      8.
   31.75     77.25      8.
   32.00     77.25      8.
   27.00     77.50      8.
   27.25     77.50      8.
   27.50     77.50      8.
   27.75     77.50      8.
   28.00     77.50      8.
   28.25     77.50      8.
   28.50     77.50      8.
   28.75     77.50      8.
   29.00     77.50      8.
   29.25     77.50      8.
   29.50     77.50      8.
   29.75     77.50      8.
   30.00     77.50      8.
   30.25     77.50      8.
   30.50     77.50      8.
   30.75     77.50      8.
   31.00     77.50      8.
   31.25     77.50      8.
   31.50     77.50      8.
   31.75     77.50      8.
   32.00     77.50      8.
   27.00     77.75      8.
   27.25     77.75      8.
   27.50     77.75      8.
   27.75     77.75      8.
   28.00     77.75      8.
   28.25     77.75      8.
   28.50     77.75      8.
   28.75     77.75      8.
   29.00     77.75      8.
   29.25     77.75      8.
   29.50     77.75      8.
   29.75     77.75      8.
   30.00     77.75      8.
   30.25     77.75      8.
   30.50     77.75      8.
   30.75     77.75      8.
   31.00     77.75      8.
   31.25     77.75      8.
   31.50     77.75      8.
   31.75     77.75      8.
   32.00     77.75      8.
   27.00     78.00      8.
   27.25     78.00      8.
   27.50     78.00      8.
   27.75     78.00      8.
   28.00     78.00      8.
   28.25     78.00      8.
   28.50     78.00      8.
   28.75     78.00      8.
   29.00     78.00      8.
   29.25     78.00      8.
   29.50     78.00      8.
   29.75     78.00      8.
   30.00     78.00      8.
   30.25     78.00      8.
   30.50     78.00      8.
   30.75     78.00      8.
   31.00     78.00      8.
   31.25     78.00      8.
   31.50     78.00      8.
   31.75     78.00      8.
   32.00     78.00      8.
   27.00     78.25      8.
   27.25     78.25      8.
   27.50     78.25      8.
   27.75     78.25      8.
   28.00     78.25      8.
   28.25     78.25      8.
   28.50     78.25      8.
   28.75     78.25      8.
   29.00     78.25      8.
   29.25     78.25      8.
   29.50     78.25      8.
   29.75     78.25      8.
   30.00     78.25      8.
   30.25     78.25      8.
   30.50     78.25      8.
   30.75     78.25      8.
   31.00     78.25      8.
   31.25     78.25      8.
   31.50     78.25      8.
   31.75     78.25      8.
   32.00     78.25      8.
   27.00     78.50      8.
   27.25     78.50      8.
   27.50     78.50      8.
   27.75     78.50      8.
   28.00     78.50      8.
   28.25     78.50      8.
   28.50     78.50      8.
   28.75     78.50      8.
   29.00     78.50      8.
   29.25     78.50      8.
   29.50     78.50      8.
   29.75     78.50      8.
   30.00     78.50      8.
   30.25     78.50      8.
   30.50     78.50      8.
   30.75     78.50      8.
   31.00     78.50      8.
   31.25     78.50      8.
   31.50     78.50      8.
   31.75     78.50      8.
   32.00     78.50      8.
96                                                                              
0                                                                               
10000.0                                                                         
1                                                                               
C:/HYSPLIT/working/met_files/                                                   
RP201710.gbl                                                                    
1                                                                               
TEST                                                                            
100000.0                                                                        
1.0                                                                             
00 00 00 00 00                                                                  
1                                                                               
0.0 0.0                                                                         
0.05 0.05                                                                       
30.0 30.0                                                                       
./                                                                              
cdumps/india/cdump_17102009                                                     
1                                                                               
1200                                                                            
00 00 00 00 00                                                                  
00 00 00 00 00                                                                  
00 96 00                                                                        
1                                                                               
0.0 0.0 0.0                                                                     
0.0 0.0 0.0 0.0 0.0                                                             
0.0 0.0 0.0                                                                     
0.0                                                                             
0.0                                                                             
